text,whicon_vote,blalib_vote
Who hurt you? Lol. It's comical how stupid and angry you people are.  MEH AMURICA. MY LAND. MINE. BANG BANG GUNS. NO BROWN PEOPLE. WAHH.,1.0,1
Who hurt you? Lol. It's comical how stupid and angry you people are.  MEH AMURICA. MY LAND. MINE. BANG BANG GUNS. NO BROWN PEOPLE. WAHH.,1.0,1
Who hurt you? Lol. It's comical how stupid and angry you people are.  MEH AMURICA. MY LAND. MINE. BANG BANG GUNS. NO BROWN PEOPLE. WAHH.,1.0,1
Who hurt you? Lol. It's comical how stupid and angry you people are.  MEH AMURICA. MY LAND. MINE. BANG BANG GUNS. NO BROWN PEOPLE. WAHH.,1.0,1
Who hurt you? Lol. It's comical how stupid and angry you people are.  MEH AMURICA. MY LAND. MINE. BANG BANG GUNS. NO BROWN PEOPLE. WAHH.,1.0,1
Who hurt you? Lol. It's comical how stupid and angry you people are.  MEH AMURICA. MY LAND. MINE. BANG BANG GUNS. NO BROWN PEOPLE. WAHH.,1.0,1
Who hurt you? Lol. It's comical how stupid and angry you people are.  MEH AMURICA. MY LAND. MINE. BANG BANG GUNS. NO BROWN PEOPLE. WAHH.,1.0,1
Who hurt you? Lol. It's comical how stupid and angry you people are.  MEH AMURICA. MY LAND. MINE. BANG BANG GUNS. NO BROWN PEOPLE. WAHH.,1.0,1
Who hurt you? Lol. It's comical how stupid and angry you people are.  MEH AMURICA. MY LAND. MINE. BANG BANG GUNS. NO BROWN PEOPLE. WAHH.,1.0,1
Who hurt you? Lol. It's comical how stupid and angry you people are.  MEH AMURICA. MY LAND. MINE. BANG BANG GUNS. NO BROWN PEOPLE. WAHH.,1.0,1
Who hurt you? Lol. It's comical how stupid and angry you people are.  MEH AMURICA. MY LAND. MINE. BANG BANG GUNS. NO BROWN PEOPLE. WAHH.,1.0,1
Who hurt you? Lol. It's comical how stupid and angry you people are.  MEH AMURICA. MY LAND. MINE. BANG BANG GUNS. NO BROWN PEOPLE. WAHH.,1.0,1
Who hurt you? Lol. It's comical how stupid and angry you people are.  MEH AMURICA. MY LAND. MINE. BANG BANG GUNS. NO BROWN PEOPLE. WAHH.,1.0,1
Who hurt you? Lol. It's comical how stupid and angry you people are.  MEH AMURICA. MY LAND. MINE. BANG BANG GUNS. NO BROWN PEOPLE. WAHH.,1.0,1
Who hurt you? Lol. It's comical how stupid and angry you people are.  MEH AMURICA. MY LAND. MINE. BANG BANG GUNS. NO BROWN PEOPLE. WAHH.,1.0,1
Who hurt you? Lol. It's comical how stupid and angry you people are.  MEH AMURICA. MY LAND. MINE. BANG BANG GUNS. NO BROWN PEOPLE. WAHH.,1.0,1
Who hurt you? Lol. It's comical how stupid and angry you people are.  MEH AMURICA. MY LAND. MINE. BANG BANG GUNS. NO BROWN PEOPLE. WAHH.,1.0,1
Who hurt you? Lol. It's comical how stupid and angry you people are.  MEH AMURICA. MY LAND. MINE. BANG BANG GUNS. NO BROWN PEOPLE. WAHH.,1.0,1
Who hurt you? Lol. It's comical how stupid and angry you people are.  MEH AMURICA. MY LAND. MINE. BANG BANG GUNS. NO BROWN PEOPLE. WAHH.,1.0,1
Who hurt you? Lol. It's comical how stupid and angry you people are.  MEH AMURICA. MY LAND. MINE. BANG BANG GUNS. NO BROWN PEOPLE. WAHH.,1.0,1
Who hurt you? Lol. It's comical how stupid and angry you people are.  MEH AMURICA. MY LAND. MINE. BANG BANG GUNS. NO BROWN PEOPLE. WAHH.,1.0,1
Who hurt you? Lol. It's comical how stupid and angry you people are.  MEH AMURICA. MY LAND. MINE. BANG BANG GUNS. NO BROWN PEOPLE. WAHH.,1.0,1
Who hurt you? Lol. It's comical how stupid and angry you people are.  MEH AMURICA. MY LAND. MINE. BANG BANG GUNS. NO BROWN PEOPLE. WAHH.,1.0,1
Who hurt you? Lol. It's comical how stupid and angry you people are.  MEH AMURICA. MY LAND. MINE. BANG BANG GUNS. NO BROWN PEOPLE. WAHH.,1.0,1
Who hurt you? Lol. It's comical how stupid and angry you people are.  MEH AMURICA. MY LAND. MINE. BANG BANG GUNS. NO BROWN PEOPLE. WAHH.,1.0,1
Who hurt you? Lol. It's comical how stupid and angry you people are.  MEH AMURICA. MY LAND. MINE. BANG BANG GUNS. NO BROWN PEOPLE. WAHH.,1.0,1
Who hurt you? Lol. It's comical how stupid and angry you people are.  MEH AMURICA. MY LAND. MINE. BANG BANG GUNS. NO BROWN PEOPLE. WAHH.,1.0,1
Who hurt you? Lol. It's comical how stupid and angry you people are.  MEH AMURICA. MY LAND. MINE. BANG BANG GUNS. NO BROWN PEOPLE. WAHH.,1.0,1
Who hurt you? Lol. It's comical how stupid and angry you people are.  MEH AMURICA. MY LAND. MINE. BANG BANG GUNS. NO BROWN PEOPLE. WAHH.,1.0,1
Who hurt you? Lol. It's comical how stupid and angry you people are.  MEH AMURICA. MY LAND. MINE. BANG BANG GUNS. NO BROWN PEOPLE. WAHH.,1.0,1
Who hurt you? Lol. It's comical how stupid and angry you people are.  MEH AMURICA. MY LAND. MINE. BANG BANG GUNS. NO BROWN PEOPLE. WAHH.,1.0,1
Who hurt you? Lol. It's comical how stupid and angry you people are.  MEH AMURICA. MY LAND. MINE. BANG BANG GUNS. NO BROWN PEOPLE. WAHH.,1.0,1
Who hurt you? Lol. It's comical how stupid and angry you people are.  MEH AMURICA. MY LAND. MINE. BANG BANG GUNS. NO BROWN PEOPLE. WAHH.,1.0,1
Who hurt you? Lol. It's comical how stupid and angry you people are.  MEH AMURICA. MY LAND. MINE. BANG BANG GUNS. NO BROWN PEOPLE. WAHH.,1.0,1
Who hurt you? Lol. It's comical how stupid and angry you people are.  MEH AMURICA. MY LAND. MINE. BANG BANG GUNS. NO BROWN PEOPLE. WAHH.,0.0,1
Who hurt you? Lol. It's comical how stupid and angry you people are.  MEH AMURICA. MY LAND. MINE. BANG BANG GUNS. NO BROWN PEOPLE. WAHH.,1.0,1
Who hurt you? Lol. It's comical how stupid and angry you people are.  MEH AMURICA. MY LAND. MINE. BANG BANG GUNS. NO BROWN PEOPLE. WAHH.,1.0,1
Who hurt you? Lol. It's comical how stupid and angry you people are.  MEH AMURICA. MY LAND. MINE. BANG BANG GUNS. NO BROWN PEOPLE. WAHH.,1.0,1
Who hurt you? Lol. It's comical how stupid and angry you people are.  MEH AMURICA. MY LAND. MINE. BANG BANG GUNS. NO BROWN PEOPLE. WAHH.,1.0,1
Who hurt you? Lol. It's comical how stupid and angry you people are.  MEH AMURICA. MY LAND. MINE. BANG BANG GUNS. NO BROWN PEOPLE. WAHH.,1.0,1
Who hurt you? Lol. It's comical how stupid and angry you people are.  MEH AMURICA. MY LAND. MINE. BANG BANG GUNS. NO BROWN PEOPLE. WAHH.,1.0,1
Who hurt you? Lol. It's comical how stupid and angry you people are.  MEH AMURICA. MY LAND. MINE. BANG BANG GUNS. NO BROWN PEOPLE. WAHH.,1.0,1
Who hurt you? Lol. It's comical how stupid and angry you people are.  MEH AMURICA. MY LAND. MINE. BANG BANG GUNS. NO BROWN PEOPLE. WAHH.,1.0,1
Who hurt you? Lol. It's comical how stupid and angry you people are.  MEH AMURICA. MY LAND. MINE. BANG BANG GUNS. NO BROWN PEOPLE. WAHH.,1.0,1
Who hurt you? Lol. It's comical how stupid and angry you people are.  MEH AMURICA. MY LAND. MINE. BANG BANG GUNS. NO BROWN PEOPLE. WAHH.,1.0,1
Who hurt you? Lol. It's comical how stupid and angry you people are.  MEH AMURICA. MY LAND. MINE. BANG BANG GUNS. NO BROWN PEOPLE. WAHH.,1.0,1
Who hurt you? Lol. It's comical how stupid and angry you people are.  MEH AMURICA. MY LAND. MINE. BANG BANG GUNS. NO BROWN PEOPLE. WAHH.,1.0,1
Who hurt you? Lol. It's comical how stupid and angry you people are.  MEH AMURICA. MY LAND. MINE. BANG BANG GUNS. NO BROWN PEOPLE. WAHH.,1.0,1
Who hurt you? Lol. It's comical how stupid and angry you people are.  MEH AMURICA. MY LAND. MINE. BANG BANG GUNS. NO BROWN PEOPLE. WAHH.,1.0,1
Who hurt you? Lol. It's comical how stupid and angry you people are.  MEH AMURICA. MY LAND. MINE. BANG BANG GUNS. NO BROWN PEOPLE. WAHH.,1.0,1
"RT @JihadistJoe: We Muslims have no military honour whatsoever, we are sub human savages that slaughter unarmed men, women & children http:…",1.0,1
"RT @JihadistJoe: We Muslims have no military honour whatsoever, we are sub human savages that slaughter unarmed men, women & children http:…",1.0,1
"RT @JihadistJoe: We Muslims have no military honour whatsoever, we are sub human savages that slaughter unarmed men, women & children http:…",1.0,1
"RT @JihadistJoe: We Muslims have no military honour whatsoever, we are sub human savages that slaughter unarmed men, women & children http:…",1.0,1
"RT @JihadistJoe: We Muslims have no military honour whatsoever, we are sub human savages that slaughter unarmed men, women & children http:…",1.0,1
"RT @JihadistJoe: We Muslims have no military honour whatsoever, we are sub human savages that slaughter unarmed men, women & children http:…",1.0,1
"RT @JihadistJoe: We Muslims have no military honour whatsoever, we are sub human savages that slaughter unarmed men, women & children http:…",1.0,1
"RT @JihadistJoe: We Muslims have no military honour whatsoever, we are sub human savages that slaughter unarmed men, women & children http:…",1.0,1
"RT @JihadistJoe: We Muslims have no military honour whatsoever, we are sub human savages that slaughter unarmed men, women & children http:…",1.0,1
"RT @JihadistJoe: We Muslims have no military honour whatsoever, we are sub human savages that slaughter unarmed men, women & children http:…",1.0,1
"RT @JihadistJoe: We Muslims have no military honour whatsoever, we are sub human savages that slaughter unarmed men, women & children http:…",1.0,1
"RT @JihadistJoe: We Muslims have no military honour whatsoever, we are sub human savages that slaughter unarmed men, women & children http:…",1.0,1
"RT @JihadistJoe: We Muslims have no military honour whatsoever, we are sub human savages that slaughter unarmed men, women & children http:…",1.0,1
"RT @JihadistJoe: We Muslims have no military honour whatsoever, we are sub human savages that slaughter unarmed men, women & children http:…",1.0,1
"RT @JihadistJoe: We Muslims have no military honour whatsoever, we are sub human savages that slaughter unarmed men, women & children http:…",1.0,1
"RT @JihadistJoe: We Muslims have no military honour whatsoever, we are sub human savages that slaughter unarmed men, women & children http:…",1.0,1
"RT @JihadistJoe: We Muslims have no military honour whatsoever, we are sub human savages that slaughter unarmed men, women & children http:…",1.0,1
"RT @JihadistJoe: We Muslims have no military honour whatsoever, we are sub human savages that slaughter unarmed men, women & children http:…",1.0,1
"RT @JihadistJoe: We Muslims have no military honour whatsoever, we are sub human savages that slaughter unarmed men, women & children http:…",1.0,1
"RT @JihadistJoe: We Muslims have no military honour whatsoever, we are sub human savages that slaughter unarmed men, women & children http:…",1.0,1
"RT @JihadistJoe: We Muslims have no military honour whatsoever, we are sub human savages that slaughter unarmed men, women & children http:…",1.0,1
"RT @JihadistJoe: We Muslims have no military honour whatsoever, we are sub human savages that slaughter unarmed men, women & children http:…",1.0,1
"RT @JihadistJoe: We Muslims have no military honour whatsoever, we are sub human savages that slaughter unarmed men, women & children http:…",1.0,1
"RT @JihadistJoe: We Muslims have no military honour whatsoever, we are sub human savages that slaughter unarmed men, women & children http:…",1.0,1
"RT @JihadistJoe: We Muslims have no military honour whatsoever, we are sub human savages that slaughter unarmed men, women & children http:…",1.0,1
"RT @JihadistJoe: We Muslims have no military honour whatsoever, we are sub human savages that slaughter unarmed men, women & children http:…",1.0,1
"RT @JihadistJoe: We Muslims have no military honour whatsoever, we are sub human savages that slaughter unarmed men, women & children http:…",1.0,1
"RT @JihadistJoe: We Muslims have no military honour whatsoever, we are sub human savages that slaughter unarmed men, women & children http:…",1.0,1
"RT @JihadistJoe: We Muslims have no military honour whatsoever, we are sub human savages that slaughter unarmed men, women & children http:…",1.0,1
"RT @JihadistJoe: We Muslims have no military honour whatsoever, we are sub human savages that slaughter unarmed men, women & children http:…",1.0,1
"RT @JihadistJoe: We Muslims have no military honour whatsoever, we are sub human savages that slaughter unarmed men, women & children http:…",1.0,1
"RT @JihadistJoe: We Muslims have no military honour whatsoever, we are sub human savages that slaughter unarmed men, women & children http:…",1.0,1
"RT @JihadistJoe: We Muslims have no military honour whatsoever, we are sub human savages that slaughter unarmed men, women & children http:…",1.0,1
"RT @JihadistJoe: We Muslims have no military honour whatsoever, we are sub human savages that slaughter unarmed men, women & children http:…",1.0,1
"RT @JihadistJoe: We Muslims have no military honour whatsoever, we are sub human savages that slaughter unarmed men, women & children http:…",1.0,1
"RT @JihadistJoe: We Muslims have no military honour whatsoever, we are sub human savages that slaughter unarmed men, women & children http:…",1.0,1
"RT @JihadistJoe: We Muslims have no military honour whatsoever, we are sub human savages that slaughter unarmed men, women & children http:…",1.0,1
"RT @JihadistJoe: We Muslims have no military honour whatsoever, we are sub human savages that slaughter unarmed men, women & children http:…",1.0,1
"RT @JihadistJoe: We Muslims have no military honour whatsoever, we are sub human savages that slaughter unarmed men, women & children http:…",1.0,1
"RT @JihadistJoe: We Muslims have no military honour whatsoever, we are sub human savages that slaughter unarmed men, women & children http:…",1.0,1
"RT @JihadistJoe: We Muslims have no military honour whatsoever, we are sub human savages that slaughter unarmed men, women & children http:…",,1
"RT @JihadistJoe: We Muslims have no military honour whatsoever, we are sub human savages that slaughter unarmed men, women & children http:…",1.0,1
"RT @JihadistJoe: We Muslims have no military honour whatsoever, we are sub human savages that slaughter unarmed men, women & children http:…",1.0,1
"RT @JihadistJoe: We Muslims have no military honour whatsoever, we are sub human savages that slaughter unarmed men, women & children http:…",1.0,1
"RT @JihadistJoe: We Muslims have no military honour whatsoever, we are sub human savages that slaughter unarmed men, women & children http:…",1.0,1
"RT @JihadistJoe: We Muslims have no military honour whatsoever, we are sub human savages that slaughter unarmed men, women & children http:…",1.0,1
"RT @JihadistJoe: We Muslims have no military honour whatsoever, we are sub human savages that slaughter unarmed men, women & children http:…",1.0,1
"RT @JihadistJoe: We Muslims have no military honour whatsoever, we are sub human savages that slaughter unarmed men, women & children http:…",1.0,1
"RT @JihadistJoe: We Muslims have no military honour whatsoever, we are sub human savages that slaughter unarmed men, women & children http:…",1.0,1
"RT @JihadistJoe: We Muslims have no military honour whatsoever, we are sub human savages that slaughter unarmed men, women & children http:…",1.0,1
"im ,i hate black people and minorities",1.0,1
"im ,i hate black people and minorities",1.0,1
"im ,i hate black people and minorities",1.0,1
"im ,i hate black people and minorities",1.0,1
"im ,i hate black people and minorities",1.0,1
"im ,i hate black people and minorities",1.0,1
"im ,i hate black people and minorities",1.0,1
"im ,i hate black people and minorities",1.0,1
"im ,i hate black people and minorities",1.0,1
"im ,i hate black people and minorities",1.0,1
"im ,i hate black people and minorities",1.0,1
"im ,i hate black people and minorities",1.0,1
"im ,i hate black people and minorities",1.0,1
"im ,i hate black people and minorities",1.0,1
"im ,i hate black people and minorities",1.0,1
"im ,i hate black people and minorities",1.0,1
"im ,i hate black people and minorities",1.0,1
"im ,i hate black people and minorities",1.0,1
"im ,i hate black people and minorities",1.0,1
"im ,i hate black people and minorities",1.0,1
"im ,i hate black people and minorities",1.0,1
"im ,i hate black people and minorities",1.0,1
"im ,i hate black people and minorities",1.0,1
"im ,i hate black people and minorities",1.0,1
"im ,i hate black people and minorities",1.0,1
"im ,i hate black people and minorities",1.0,1
"im ,i hate black people and minorities",1.0,1
"im ,i hate black people and minorities",1.0,1
"im ,i hate black people and minorities",1.0,1
"im ,i hate black people and minorities",1.0,1
"im ,i hate black people and minorities",1.0,1
"im ,i hate black people and minorities",1.0,1
"im ,i hate black people and minorities",1.0,1
"im ,i hate black people and minorities",1.0,1
"im ,i hate black people and minorities",1.0,1
"im ,i hate black people and minorities",1.0,1
"im ,i hate black people and minorities",1.0,1
"im ,i hate black people and minorities",1.0,1
"im ,i hate black people and minorities",1.0,1
"im ,i hate black people and minorities",1.0,1
"im ,i hate black people and minorities",1.0,1
"im ,i hate black people and minorities",1.0,1
"im ,i hate black people and minorities",1.0,1
"im ,i hate black people and minorities",1.0,1
"im ,i hate black people and minorities",1.0,1
"im ,i hate black people and minorities",1.0,1
"im ,i hate black people and minorities",1.0,1
"im ,i hate black people and minorities",1.0,1
"im ,i hate black people and minorities",1.0,1
"im ,i hate black people and minorities",1.0,1
"My God look at these BARBARIC PPL. And these pigs all watching. They r a very, very sick culture. And Omar and Rashid want this crap here. This is America not the Middle East. Round them up and send them home.",1.0,1
"My God look at these BARBARIC PPL. And these pigs all watching. They r a very, very sick culture. And Omar and Rashid want this crap here. This is America not the Middle East. Round them up and send them home.",1.0,1
"My God look at these BARBARIC PPL. And these pigs all watching. They r a very, very sick culture. And Omar and Rashid want this crap here. This is America not the Middle East. Round them up and send them home.",1.0,1
"My God look at these BARBARIC PPL. And these pigs all watching. They r a very, very sick culture. And Omar and Rashid want this crap here. This is America not the Middle East. Round them up and send them home.",1.0,1
"My God look at these BARBARIC PPL. And these pigs all watching. They r a very, very sick culture. And Omar and Rashid want this crap here. This is America not the Middle East. Round them up and send them home.",1.0,1
"My God look at these BARBARIC PPL. And these pigs all watching. They r a very, very sick culture. And Omar and Rashid want this crap here. This is America not the Middle East. Round them up and send them home.",1.0,1
"My God look at these BARBARIC PPL. And these pigs all watching. They r a very, very sick culture. And Omar and Rashid want this crap here. This is America not the Middle East. Round them up and send them home.",1.0,1
"My God look at these BARBARIC PPL. And these pigs all watching. They r a very, very sick culture. And Omar and Rashid want this crap here. This is America not the Middle East. Round them up and send them home.",1.0,1
"My God look at these BARBARIC PPL. And these pigs all watching. They r a very, very sick culture. And Omar and Rashid want this crap here. This is America not the Middle East. Round them up and send them home.",1.0,1
"My God look at these BARBARIC PPL. And these pigs all watching. They r a very, very sick culture. And Omar and Rashid want this crap here. This is America not the Middle East. Round them up and send them home.",1.0,1
"My God look at these BARBARIC PPL. And these pigs all watching. They r a very, very sick culture. And Omar and Rashid want this crap here. This is America not the Middle East. Round them up and send them home.",1.0,1
"My God look at these BARBARIC PPL. And these pigs all watching. They r a very, very sick culture. And Omar and Rashid want this crap here. This is America not the Middle East. Round them up and send them home.",1.0,1
"My God look at these BARBARIC PPL. And these pigs all watching. They r a very, very sick culture. And Omar and Rashid want this crap here. This is America not the Middle East. Round them up and send them home.",1.0,1
"My God look at these BARBARIC PPL. And these pigs all watching. They r a very, very sick culture. And Omar and Rashid want this crap here. This is America not the Middle East. Round them up and send them home.",1.0,1
"My God look at these BARBARIC PPL. And these pigs all watching. They r a very, very sick culture. And Omar and Rashid want this crap here. This is America not the Middle East. Round them up and send them home.",1.0,1
"My God look at these BARBARIC PPL. And these pigs all watching. They r a very, very sick culture. And Omar and Rashid want this crap here. This is America not the Middle East. Round them up and send them home.",1.0,1
"My God look at these BARBARIC PPL. And these pigs all watching. They r a very, very sick culture. And Omar and Rashid want this crap here. This is America not the Middle East. Round them up and send them home.",1.0,1
"My God look at these BARBARIC PPL. And these pigs all watching. They r a very, very sick culture. And Omar and Rashid want this crap here. This is America not the Middle East. Round them up and send them home.",1.0,1
"My God look at these BARBARIC PPL. And these pigs all watching. They r a very, very sick culture. And Omar and Rashid want this crap here. This is America not the Middle East. Round them up and send them home.",1.0,1
"My God look at these BARBARIC PPL. And these pigs all watching. They r a very, very sick culture. And Omar and Rashid want this crap here. This is America not the Middle East. Round them up and send them home.",1.0,1
"My God look at these BARBARIC PPL. And these pigs all watching. They r a very, very sick culture. And Omar and Rashid want this crap here. This is America not the Middle East. Round them up and send them home.",1.0,1
"My God look at these BARBARIC PPL. And these pigs all watching. They r a very, very sick culture. And Omar and Rashid want this crap here. This is America not the Middle East. Round them up and send them home.",1.0,1
"My God look at these BARBARIC PPL. And these pigs all watching. They r a very, very sick culture. And Omar and Rashid want this crap here. This is America not the Middle East. Round them up and send them home.",1.0,1
"My God look at these BARBARIC PPL. And these pigs all watching. They r a very, very sick culture. And Omar and Rashid want this crap here. This is America not the Middle East. Round them up and send them home.",1.0,1
"My God look at these BARBARIC PPL. And these pigs all watching. They r a very, very sick culture. And Omar and Rashid want this crap here. This is America not the Middle East. Round them up and send them home.",1.0,1
"My God look at these BARBARIC PPL. And these pigs all watching. They r a very, very sick culture. And Omar and Rashid want this crap here. This is America not the Middle East. Round them up and send them home.",1.0,1
"My God look at these BARBARIC PPL. And these pigs all watching. They r a very, very sick culture. And Omar and Rashid want this crap here. This is America not the Middle East. Round them up and send them home.",1.0,1
"My God look at these BARBARIC PPL. And these pigs all watching. They r a very, very sick culture. And Omar and Rashid want this crap here. This is America not the Middle East. Round them up and send them home.",1.0,1
"My God look at these BARBARIC PPL. And these pigs all watching. They r a very, very sick culture. And Omar and Rashid want this crap here. This is America not the Middle East. Round them up and send them home.",1.0,1
"My God look at these BARBARIC PPL. And these pigs all watching. They r a very, very sick culture. And Omar and Rashid want this crap here. This is America not the Middle East. Round them up and send them home.",1.0,1
"My God look at these BARBARIC PPL. And these pigs all watching. They r a very, very sick culture. And Omar and Rashid want this crap here. This is America not the Middle East. Round them up and send them home.",1.0,1
"My God look at these BARBARIC PPL. And these pigs all watching. They r a very, very sick culture. And Omar and Rashid want this crap here. This is America not the Middle East. Round them up and send them home.",1.0,1
"My God look at these BARBARIC PPL. And these pigs all watching. They r a very, very sick culture. And Omar and Rashid want this crap here. This is America not the Middle East. Round them up and send them home.",1.0,1
"My God look at these BARBARIC PPL. And these pigs all watching. They r a very, very sick culture. And Omar and Rashid want this crap here. This is America not the Middle East. Round them up and send them home.",1.0,1
"My God look at these BARBARIC PPL. And these pigs all watching. They r a very, very sick culture. And Omar and Rashid want this crap here. This is America not the Middle East. Round them up and send them home.",1.0,1
"My God look at these BARBARIC PPL. And these pigs all watching. They r a very, very sick culture. And Omar and Rashid want this crap here. This is America not the Middle East. Round them up and send them home.",1.0,1
"My God look at these BARBARIC PPL. And these pigs all watching. They r a very, very sick culture. And Omar and Rashid want this crap here. This is America not the Middle East. Round them up and send them home.",1.0,1
"My God look at these BARBARIC PPL. And these pigs all watching. They r a very, very sick culture. And Omar and Rashid want this crap here. This is America not the Middle East. Round them up and send them home.",1.0,1
"My God look at these BARBARIC PPL. And these pigs all watching. They r a very, very sick culture. And Omar and Rashid want this crap here. This is America not the Middle East. Round them up and send them home.",1.0,1
"My God look at these BARBARIC PPL. And these pigs all watching. They r a very, very sick culture. And Omar and Rashid want this crap here. This is America not the Middle East. Round them up and send them home.",1.0,1
"My God look at these BARBARIC PPL. And these pigs all watching. They r a very, very sick culture. And Omar and Rashid want this crap here. This is America not the Middle East. Round them up and send them home.",1.0,1
"My God look at these BARBARIC PPL. And these pigs all watching. They r a very, very sick culture. And Omar and Rashid want this crap here. This is America not the Middle East. Round them up and send them home.",1.0,1
"My God look at these BARBARIC PPL. And these pigs all watching. They r a very, very sick culture. And Omar and Rashid want this crap here. This is America not the Middle East. Round them up and send them home.",1.0,1
"My God look at these BARBARIC PPL. And these pigs all watching. They r a very, very sick culture. And Omar and Rashid want this crap here. This is America not the Middle East. Round them up and send them home.",1.0,1
"My God look at these BARBARIC PPL. And these pigs all watching. They r a very, very sick culture. And Omar and Rashid want this crap here. This is America not the Middle East. Round them up and send them home.",1.0,1
"My God look at these BARBARIC PPL. And these pigs all watching. They r a very, very sick culture. And Omar and Rashid want this crap here. This is America not the Middle East. Round them up and send them home.",1.0,1
"My God look at these BARBARIC PPL. And these pigs all watching. They r a very, very sick culture. And Omar and Rashid want this crap here. This is America not the Middle East. Round them up and send them home.",1.0,1
"My God look at these BARBARIC PPL. And these pigs all watching. They r a very, very sick culture. And Omar and Rashid want this crap here. This is America not the Middle East. Round them up and send them home.",1.0,1
"My God look at these BARBARIC PPL. And these pigs all watching. They r a very, very sick culture. And Omar and Rashid want this crap here. This is America not the Middle East. Round them up and send them home.",1.0,1
"My God look at these BARBARIC PPL. And these pigs all watching. They r a very, very sick culture. And Omar and Rashid want this crap here. This is America not the Middle East. Round them up and send them home.",1.0,1
holy shit i am just getting dunked on by a cripple this is unreal,1.0,0
holy shit i am just getting dunked on by a cripple this is unreal,1.0,0
holy shit i am just getting dunked on by a cripple this is unreal,1.0,0
holy shit i am just getting dunked on by a cripple this is unreal,1.0,0
holy shit i am just getting dunked on by a cripple this is unreal,1.0,0
holy shit i am just getting dunked on by a cripple this is unreal,1.0,0
holy shit i am just getting dunked on by a cripple this is unreal,1.0,0
holy shit i am just getting dunked on by a cripple this is unreal,1.0,0
holy shit i am just getting dunked on by a cripple this is unreal,1.0,0
holy shit i am just getting dunked on by a cripple this is unreal,1.0,0
holy shit i am just getting dunked on by a cripple this is unreal,1.0,0
holy shit i am just getting dunked on by a cripple this is unreal,1.0,0
holy shit i am just getting dunked on by a cripple this is unreal,0.0,0
holy shit i am just getting dunked on by a cripple this is unreal,1.0,0
holy shit i am just getting dunked on by a cripple this is unreal,1.0,0
holy shit i am just getting dunked on by a cripple this is unreal,1.0,0
holy shit i am just getting dunked on by a cripple this is unreal,1.0,0
holy shit i am just getting dunked on by a cripple this is unreal,1.0,0
holy shit i am just getting dunked on by a cripple this is unreal,1.0,0
holy shit i am just getting dunked on by a cripple this is unreal,1.0,0
holy shit i am just getting dunked on by a cripple this is unreal,1.0,0
holy shit i am just getting dunked on by a cripple this is unreal,1.0,0
holy shit i am just getting dunked on by a cripple this is unreal,0.0,0
holy shit i am just getting dunked on by a cripple this is unreal,1.0,0
holy shit i am just getting dunked on by a cripple this is unreal,1.0,0
holy shit i am just getting dunked on by a cripple this is unreal,1.0,0
holy shit i am just getting dunked on by a cripple this is unreal,1.0,0
holy shit i am just getting dunked on by a cripple this is unreal,1.0,1
holy shit i am just getting dunked on by a cripple this is unreal,1.0,0
holy shit i am just getting dunked on by a cripple this is unreal,1.0,1
holy shit i am just getting dunked on by a cripple this is unreal,1.0,0
holy shit i am just getting dunked on by a cripple this is unreal,1.0,0
holy shit i am just getting dunked on by a cripple this is unreal,1.0,0
holy shit i am just getting dunked on by a cripple this is unreal,1.0,0
holy shit i am just getting dunked on by a cripple this is unreal,0.0,0
holy shit i am just getting dunked on by a cripple this is unreal,1.0,0
holy shit i am just getting dunked on by a cripple this is unreal,1.0,0
holy shit i am just getting dunked on by a cripple this is unreal,1.0,0
holy shit i am just getting dunked on by a cripple this is unreal,1.0,0
holy shit i am just getting dunked on by a cripple this is unreal,1.0,0
holy shit i am just getting dunked on by a cripple this is unreal,1.0,0
holy shit i am just getting dunked on by a cripple this is unreal,1.0,0
holy shit i am just getting dunked on by a cripple this is unreal,1.0,0
holy shit i am just getting dunked on by a cripple this is unreal,1.0,0
holy shit i am just getting dunked on by a cripple this is unreal,1.0,0
holy shit i am just getting dunked on by a cripple this is unreal,1.0,0
holy shit i am just getting dunked on by a cripple this is unreal,1.0,0
holy shit i am just getting dunked on by a cripple this is unreal,1.0,0
holy shit i am just getting dunked on by a cripple this is unreal,1.0,0
holy shit i am just getting dunked on by a cripple this is unreal,1.0,0
"It takes belief in false morality to commit atrocities. Those who believe in the false morality of anti-abortion, anti-gay religions are primed for authoritarianism. They use their beliefs to prop themselves up as superior to others. They excuse all transgressions made by hose who share their beliefs. That is how they excuse the obvious and undeniable immorality of Trump. It is only a small step from there to dehumanizing others and committing genocidal acts like separating migrant children from their parents or ignoring the threat of climate change.",0.0,1
"It takes belief in false morality to commit atrocities. Those who believe in the false morality of anti-abortion, anti-gay religions are primed for authoritarianism. They use their beliefs to prop themselves up as superior to others. They excuse all transgressions made by hose who share their beliefs. That is how they excuse the obvious and undeniable immorality of Trump. It is only a small step from there to dehumanizing others and committing genocidal acts like separating migrant children from their parents or ignoring the threat of climate change.",1.0,1
"It takes belief in false morality to commit atrocities. Those who believe in the false morality of anti-abortion, anti-gay religions are primed for authoritarianism. They use their beliefs to prop themselves up as superior to others. They excuse all transgressions made by hose who share their beliefs. That is how they excuse the obvious and undeniable immorality of Trump. It is only a small step from there to dehumanizing others and committing genocidal acts like separating migrant children from their parents or ignoring the threat of climate change.",1.0,1
"It takes belief in false morality to commit atrocities. Those who believe in the false morality of anti-abortion, anti-gay religions are primed for authoritarianism. They use their beliefs to prop themselves up as superior to others. They excuse all transgressions made by hose who share their beliefs. That is how they excuse the obvious and undeniable immorality of Trump. It is only a small step from there to dehumanizing others and committing genocidal acts like separating migrant children from their parents or ignoring the threat of climate change.",0.0,0
"It takes belief in false morality to commit atrocities. Those who believe in the false morality of anti-abortion, anti-gay religions are primed for authoritarianism. They use their beliefs to prop themselves up as superior to others. They excuse all transgressions made by hose who share their beliefs. That is how they excuse the obvious and undeniable immorality of Trump. It is only a small step from there to dehumanizing others and committing genocidal acts like separating migrant children from their parents or ignoring the threat of climate change.",1.0,0
"It takes belief in false morality to commit atrocities. Those who believe in the false morality of anti-abortion, anti-gay religions are primed for authoritarianism. They use their beliefs to prop themselves up as superior to others. They excuse all transgressions made by hose who share their beliefs. That is how they excuse the obvious and undeniable immorality of Trump. It is only a small step from there to dehumanizing others and committing genocidal acts like separating migrant children from their parents or ignoring the threat of climate change.",0.0,0
"It takes belief in false morality to commit atrocities. Those who believe in the false morality of anti-abortion, anti-gay religions are primed for authoritarianism. They use their beliefs to prop themselves up as superior to others. They excuse all transgressions made by hose who share their beliefs. That is how they excuse the obvious and undeniable immorality of Trump. It is only a small step from there to dehumanizing others and committing genocidal acts like separating migrant children from their parents or ignoring the threat of climate change.",1.0,1
"It takes belief in false morality to commit atrocities. Those who believe in the false morality of anti-abortion, anti-gay religions are primed for authoritarianism. They use their beliefs to prop themselves up as superior to others. They excuse all transgressions made by hose who share their beliefs. That is how they excuse the obvious and undeniable immorality of Trump. It is only a small step from there to dehumanizing others and committing genocidal acts like separating migrant children from their parents or ignoring the threat of climate change.",0.0,1
"It takes belief in false morality to commit atrocities. Those who believe in the false morality of anti-abortion, anti-gay religions are primed for authoritarianism. They use their beliefs to prop themselves up as superior to others. They excuse all transgressions made by hose who share their beliefs. That is how they excuse the obvious and undeniable immorality of Trump. It is only a small step from there to dehumanizing others and committing genocidal acts like separating migrant children from their parents or ignoring the threat of climate change.",1.0,1
"It takes belief in false morality to commit atrocities. Those who believe in the false morality of anti-abortion, anti-gay religions are primed for authoritarianism. They use their beliefs to prop themselves up as superior to others. They excuse all transgressions made by hose who share their beliefs. That is how they excuse the obvious and undeniable immorality of Trump. It is only a small step from there to dehumanizing others and committing genocidal acts like separating migrant children from their parents or ignoring the threat of climate change.",1.0,1
"It takes belief in false morality to commit atrocities. Those who believe in the false morality of anti-abortion, anti-gay religions are primed for authoritarianism. They use their beliefs to prop themselves up as superior to others. They excuse all transgressions made by hose who share their beliefs. That is how they excuse the obvious and undeniable immorality of Trump. It is only a small step from there to dehumanizing others and committing genocidal acts like separating migrant children from their parents or ignoring the threat of climate change.",1.0,1
"It takes belief in false morality to commit atrocities. Those who believe in the false morality of anti-abortion, anti-gay religions are primed for authoritarianism. They use their beliefs to prop themselves up as superior to others. They excuse all transgressions made by hose who share their beliefs. That is how they excuse the obvious and undeniable immorality of Trump. It is only a small step from there to dehumanizing others and committing genocidal acts like separating migrant children from their parents or ignoring the threat of climate change.",1.0,1
"It takes belief in false morality to commit atrocities. Those who believe in the false morality of anti-abortion, anti-gay religions are primed for authoritarianism. They use their beliefs to prop themselves up as superior to others. They excuse all transgressions made by hose who share their beliefs. That is how they excuse the obvious and undeniable immorality of Trump. It is only a small step from there to dehumanizing others and committing genocidal acts like separating migrant children from their parents or ignoring the threat of climate change.",0.0,0
"It takes belief in false morality to commit atrocities. Those who believe in the false morality of anti-abortion, anti-gay religions are primed for authoritarianism. They use their beliefs to prop themselves up as superior to others. They excuse all transgressions made by hose who share their beliefs. That is how they excuse the obvious and undeniable immorality of Trump. It is only a small step from there to dehumanizing others and committing genocidal acts like separating migrant children from their parents or ignoring the threat of climate change.",1.0,1
"It takes belief in false morality to commit atrocities. Those who believe in the false morality of anti-abortion, anti-gay religions are primed for authoritarianism. They use their beliefs to prop themselves up as superior to others. They excuse all transgressions made by hose who share their beliefs. That is how they excuse the obvious and undeniable immorality of Trump. It is only a small step from there to dehumanizing others and committing genocidal acts like separating migrant children from their parents or ignoring the threat of climate change.",1.0,1
"It takes belief in false morality to commit atrocities. Those who believe in the false morality of anti-abortion, anti-gay religions are primed for authoritarianism. They use their beliefs to prop themselves up as superior to others. They excuse all transgressions made by hose who share their beliefs. That is how they excuse the obvious and undeniable immorality of Trump. It is only a small step from there to dehumanizing others and committing genocidal acts like separating migrant children from their parents or ignoring the threat of climate change.",0.0,1
"It takes belief in false morality to commit atrocities. Those who believe in the false morality of anti-abortion, anti-gay religions are primed for authoritarianism. They use their beliefs to prop themselves up as superior to others. They excuse all transgressions made by hose who share their beliefs. That is how they excuse the obvious and undeniable immorality of Trump. It is only a small step from there to dehumanizing others and committing genocidal acts like separating migrant children from their parents or ignoring the threat of climate change.",1.0,1
"It takes belief in false morality to commit atrocities. Those who believe in the false morality of anti-abortion, anti-gay religions are primed for authoritarianism. They use their beliefs to prop themselves up as superior to others. They excuse all transgressions made by hose who share their beliefs. That is how they excuse the obvious and undeniable immorality of Trump. It is only a small step from there to dehumanizing others and committing genocidal acts like separating migrant children from their parents or ignoring the threat of climate change.",0.0,1
"It takes belief in false morality to commit atrocities. Those who believe in the false morality of anti-abortion, anti-gay religions are primed for authoritarianism. They use their beliefs to prop themselves up as superior to others. They excuse all transgressions made by hose who share their beliefs. That is how they excuse the obvious and undeniable immorality of Trump. It is only a small step from there to dehumanizing others and committing genocidal acts like separating migrant children from their parents or ignoring the threat of climate change.",0.0,1
"It takes belief in false morality to commit atrocities. Those who believe in the false morality of anti-abortion, anti-gay religions are primed for authoritarianism. They use their beliefs to prop themselves up as superior to others. They excuse all transgressions made by hose who share their beliefs. That is how they excuse the obvious and undeniable immorality of Trump. It is only a small step from there to dehumanizing others and committing genocidal acts like separating migrant children from their parents or ignoring the threat of climate change.",0.0,1
"It takes belief in false morality to commit atrocities. Those who believe in the false morality of anti-abortion, anti-gay religions are primed for authoritarianism. They use their beliefs to prop themselves up as superior to others. They excuse all transgressions made by hose who share their beliefs. That is how they excuse the obvious and undeniable immorality of Trump. It is only a small step from there to dehumanizing others and committing genocidal acts like separating migrant children from their parents or ignoring the threat of climate change.",0.0,1
"It takes belief in false morality to commit atrocities. Those who believe in the false morality of anti-abortion, anti-gay religions are primed for authoritarianism. They use their beliefs to prop themselves up as superior to others. They excuse all transgressions made by hose who share their beliefs. That is how they excuse the obvious and undeniable immorality of Trump. It is only a small step from there to dehumanizing others and committing genocidal acts like separating migrant children from their parents or ignoring the threat of climate change.",1.0,1
"It takes belief in false morality to commit atrocities. Those who believe in the false morality of anti-abortion, anti-gay religions are primed for authoritarianism. They use their beliefs to prop themselves up as superior to others. They excuse all transgressions made by hose who share their beliefs. That is how they excuse the obvious and undeniable immorality of Trump. It is only a small step from there to dehumanizing others and committing genocidal acts like separating migrant children from their parents or ignoring the threat of climate change.",0.0,1
"It takes belief in false morality to commit atrocities. Those who believe in the false morality of anti-abortion, anti-gay religions are primed for authoritarianism. They use their beliefs to prop themselves up as superior to others. They excuse all transgressions made by hose who share their beliefs. That is how they excuse the obvious and undeniable immorality of Trump. It is only a small step from there to dehumanizing others and committing genocidal acts like separating migrant children from their parents or ignoring the threat of climate change.",0.0,1
"It takes belief in false morality to commit atrocities. Those who believe in the false morality of anti-abortion, anti-gay religions are primed for authoritarianism. They use their beliefs to prop themselves up as superior to others. They excuse all transgressions made by hose who share their beliefs. That is how they excuse the obvious and undeniable immorality of Trump. It is only a small step from there to dehumanizing others and committing genocidal acts like separating migrant children from their parents or ignoring the threat of climate change.",1.0,1
"It takes belief in false morality to commit atrocities. Those who believe in the false morality of anti-abortion, anti-gay religions are primed for authoritarianism. They use their beliefs to prop themselves up as superior to others. They excuse all transgressions made by hose who share their beliefs. That is how they excuse the obvious and undeniable immorality of Trump. It is only a small step from there to dehumanizing others and committing genocidal acts like separating migrant children from their parents or ignoring the threat of climate change.",1.0,1
"It takes belief in false morality to commit atrocities. Those who believe in the false morality of anti-abortion, anti-gay religions are primed for authoritarianism. They use their beliefs to prop themselves up as superior to others. They excuse all transgressions made by hose who share their beliefs. That is how they excuse the obvious and undeniable immorality of Trump. It is only a small step from there to dehumanizing others and committing genocidal acts like separating migrant children from their parents or ignoring the threat of climate change.",1.0,1
"It takes belief in false morality to commit atrocities. Those who believe in the false morality of anti-abortion, anti-gay religions are primed for authoritarianism. They use their beliefs to prop themselves up as superior to others. They excuse all transgressions made by hose who share their beliefs. That is how they excuse the obvious and undeniable immorality of Trump. It is only a small step from there to dehumanizing others and committing genocidal acts like separating migrant children from their parents or ignoring the threat of climate change.",1.0,1
"It takes belief in false morality to commit atrocities. Those who believe in the false morality of anti-abortion, anti-gay religions are primed for authoritarianism. They use their beliefs to prop themselves up as superior to others. They excuse all transgressions made by hose who share their beliefs. That is how they excuse the obvious and undeniable immorality of Trump. It is only a small step from there to dehumanizing others and committing genocidal acts like separating migrant children from their parents or ignoring the threat of climate change.",0.0,1
"It takes belief in false morality to commit atrocities. Those who believe in the false morality of anti-abortion, anti-gay religions are primed for authoritarianism. They use their beliefs to prop themselves up as superior to others. They excuse all transgressions made by hose who share their beliefs. That is how they excuse the obvious and undeniable immorality of Trump. It is only a small step from there to dehumanizing others and committing genocidal acts like separating migrant children from their parents or ignoring the threat of climate change.",0.0,1
"It takes belief in false morality to commit atrocities. Those who believe in the false morality of anti-abortion, anti-gay religions are primed for authoritarianism. They use their beliefs to prop themselves up as superior to others. They excuse all transgressions made by hose who share their beliefs. That is how they excuse the obvious and undeniable immorality of Trump. It is only a small step from there to dehumanizing others and committing genocidal acts like separating migrant children from their parents or ignoring the threat of climate change.",1.0,1
"It takes belief in false morality to commit atrocities. Those who believe in the false morality of anti-abortion, anti-gay religions are primed for authoritarianism. They use their beliefs to prop themselves up as superior to others. They excuse all transgressions made by hose who share their beliefs. That is how they excuse the obvious and undeniable immorality of Trump. It is only a small step from there to dehumanizing others and committing genocidal acts like separating migrant children from their parents or ignoring the threat of climate change.",0.0,0
"It takes belief in false morality to commit atrocities. Those who believe in the false morality of anti-abortion, anti-gay religions are primed for authoritarianism. They use their beliefs to prop themselves up as superior to others. They excuse all transgressions made by hose who share their beliefs. That is how they excuse the obvious and undeniable immorality of Trump. It is only a small step from there to dehumanizing others and committing genocidal acts like separating migrant children from their parents or ignoring the threat of climate change.",1.0,1
"It takes belief in false morality to commit atrocities. Those who believe in the false morality of anti-abortion, anti-gay religions are primed for authoritarianism. They use their beliefs to prop themselves up as superior to others. They excuse all transgressions made by hose who share their beliefs. That is how they excuse the obvious and undeniable immorality of Trump. It is only a small step from there to dehumanizing others and committing genocidal acts like separating migrant children from their parents or ignoring the threat of climate change.",1.0,0
"It takes belief in false morality to commit atrocities. Those who believe in the false morality of anti-abortion, anti-gay religions are primed for authoritarianism. They use their beliefs to prop themselves up as superior to others. They excuse all transgressions made by hose who share their beliefs. That is how they excuse the obvious and undeniable immorality of Trump. It is only a small step from there to dehumanizing others and committing genocidal acts like separating migrant children from their parents or ignoring the threat of climate change.",0.0,1
"It takes belief in false morality to commit atrocities. Those who believe in the false morality of anti-abortion, anti-gay religions are primed for authoritarianism. They use their beliefs to prop themselves up as superior to others. They excuse all transgressions made by hose who share their beliefs. That is how they excuse the obvious and undeniable immorality of Trump. It is only a small step from there to dehumanizing others and committing genocidal acts like separating migrant children from their parents or ignoring the threat of climate change.",1.0,0
"It takes belief in false morality to commit atrocities. Those who believe in the false morality of anti-abortion, anti-gay religions are primed for authoritarianism. They use their beliefs to prop themselves up as superior to others. They excuse all transgressions made by hose who share their beliefs. That is how they excuse the obvious and undeniable immorality of Trump. It is only a small step from there to dehumanizing others and committing genocidal acts like separating migrant children from their parents or ignoring the threat of climate change.",1.0,1
"It takes belief in false morality to commit atrocities. Those who believe in the false morality of anti-abortion, anti-gay religions are primed for authoritarianism. They use their beliefs to prop themselves up as superior to others. They excuse all transgressions made by hose who share their beliefs. That is how they excuse the obvious and undeniable immorality of Trump. It is only a small step from there to dehumanizing others and committing genocidal acts like separating migrant children from their parents or ignoring the threat of climate change.",1.0,1
"It takes belief in false morality to commit atrocities. Those who believe in the false morality of anti-abortion, anti-gay religions are primed for authoritarianism. They use their beliefs to prop themselves up as superior to others. They excuse all transgressions made by hose who share their beliefs. That is how they excuse the obvious and undeniable immorality of Trump. It is only a small step from there to dehumanizing others and committing genocidal acts like separating migrant children from their parents or ignoring the threat of climate change.",1.0,1
"It takes belief in false morality to commit atrocities. Those who believe in the false morality of anti-abortion, anti-gay religions are primed for authoritarianism. They use their beliefs to prop themselves up as superior to others. They excuse all transgressions made by hose who share their beliefs. That is how they excuse the obvious and undeniable immorality of Trump. It is only a small step from there to dehumanizing others and committing genocidal acts like separating migrant children from their parents or ignoring the threat of climate change.",1.0,1
"It takes belief in false morality to commit atrocities. Those who believe in the false morality of anti-abortion, anti-gay religions are primed for authoritarianism. They use their beliefs to prop themselves up as superior to others. They excuse all transgressions made by hose who share their beliefs. That is how they excuse the obvious and undeniable immorality of Trump. It is only a small step from there to dehumanizing others and committing genocidal acts like separating migrant children from their parents or ignoring the threat of climate change.",1.0,1
"It takes belief in false morality to commit atrocities. Those who believe in the false morality of anti-abortion, anti-gay religions are primed for authoritarianism. They use their beliefs to prop themselves up as superior to others. They excuse all transgressions made by hose who share their beliefs. That is how they excuse the obvious and undeniable immorality of Trump. It is only a small step from there to dehumanizing others and committing genocidal acts like separating migrant children from their parents or ignoring the threat of climate change.",1.0,1
"It takes belief in false morality to commit atrocities. Those who believe in the false morality of anti-abortion, anti-gay religions are primed for authoritarianism. They use their beliefs to prop themselves up as superior to others. They excuse all transgressions made by hose who share their beliefs. That is how they excuse the obvious and undeniable immorality of Trump. It is only a small step from there to dehumanizing others and committing genocidal acts like separating migrant children from their parents or ignoring the threat of climate change.",1.0,1
"It takes belief in false morality to commit atrocities. Those who believe in the false morality of anti-abortion, anti-gay religions are primed for authoritarianism. They use their beliefs to prop themselves up as superior to others. They excuse all transgressions made by hose who share their beliefs. That is how they excuse the obvious and undeniable immorality of Trump. It is only a small step from there to dehumanizing others and committing genocidal acts like separating migrant children from their parents or ignoring the threat of climate change.",1.0,1
"It takes belief in false morality to commit atrocities. Those who believe in the false morality of anti-abortion, anti-gay religions are primed for authoritarianism. They use their beliefs to prop themselves up as superior to others. They excuse all transgressions made by hose who share their beliefs. That is how they excuse the obvious and undeniable immorality of Trump. It is only a small step from there to dehumanizing others and committing genocidal acts like separating migrant children from their parents or ignoring the threat of climate change.",0.0,1
"It takes belief in false morality to commit atrocities. Those who believe in the false morality of anti-abortion, anti-gay religions are primed for authoritarianism. They use their beliefs to prop themselves up as superior to others. They excuse all transgressions made by hose who share their beliefs. That is how they excuse the obvious and undeniable immorality of Trump. It is only a small step from there to dehumanizing others and committing genocidal acts like separating migrant children from their parents or ignoring the threat of climate change.",0.0,1
"It takes belief in false morality to commit atrocities. Those who believe in the false morality of anti-abortion, anti-gay religions are primed for authoritarianism. They use their beliefs to prop themselves up as superior to others. They excuse all transgressions made by hose who share their beliefs. That is how they excuse the obvious and undeniable immorality of Trump. It is only a small step from there to dehumanizing others and committing genocidal acts like separating migrant children from their parents or ignoring the threat of climate change.",0.0,0
"It takes belief in false morality to commit atrocities. Those who believe in the false morality of anti-abortion, anti-gay religions are primed for authoritarianism. They use their beliefs to prop themselves up as superior to others. They excuse all transgressions made by hose who share their beliefs. That is how they excuse the obvious and undeniable immorality of Trump. It is only a small step from there to dehumanizing others and committing genocidal acts like separating migrant children from their parents or ignoring the threat of climate change.",0.0,1
"It takes belief in false morality to commit atrocities. Those who believe in the false morality of anti-abortion, anti-gay religions are primed for authoritarianism. They use their beliefs to prop themselves up as superior to others. They excuse all transgressions made by hose who share their beliefs. That is how they excuse the obvious and undeniable immorality of Trump. It is only a small step from there to dehumanizing others and committing genocidal acts like separating migrant children from their parents or ignoring the threat of climate change.",1.0,1
"It takes belief in false morality to commit atrocities. Those who believe in the false morality of anti-abortion, anti-gay religions are primed for authoritarianism. They use their beliefs to prop themselves up as superior to others. They excuse all transgressions made by hose who share their beliefs. That is how they excuse the obvious and undeniable immorality of Trump. It is only a small step from there to dehumanizing others and committing genocidal acts like separating migrant children from their parents or ignoring the threat of climate change.",1.0,1
gay people should die,1.0,1
gay people should die,1.0,0
gay people should die,1.0,1
gay people should die,1.0,1
gay people should die,1.0,1
gay people should die,1.0,1
gay people should die,1.0,0
gay people should die,1.0,1
gay people should die,1.0,1
gay people should die,1.0,0
gay people should die,1.0,1
gay people should die,1.0,1
gay people should die,1.0,1
gay people should die,1.0,1
gay people should die,1.0,1
gay people should die,1.0,1
gay people should die,1.0,1
gay people should die,1.0,1
gay people should die,1.0,1
gay people should die,1.0,1
gay people should die,1.0,1
gay people should die,1.0,1
gay people should die,1.0,0
gay people should die,1.0,1
gay people should die,1.0,1
gay people should die,1.0,1
gay people should die,1.0,1
gay people should die,1.0,1
gay people should die,1.0,1
gay people should die,1.0,1
gay people should die,1.0,1
gay people should die,1.0,0
gay people should die,1.0,1
gay people should die,1.0,1
gay people should die,1.0,0
gay people should die,1.0,1
gay people should die,1.0,1
gay people should die,1.0,1
gay people should die,1.0,1
gay people should die,1.0,1
gay people should die,1.0,1
gay people should die,1.0,1
gay people should die,1.0,1
gay people should die,1.0,1
gay people should die,1.0,1
gay people should die,1.0,1
gay people should die,1.0,1
gay people should die,1.0,1
gay people should die,1.0,1
gay people should die,1.0,1
"Aint nobody wearing those new Westbrook ""Jordan's"" but Mexicans & trailer park trash white girls.",1.0,1
"Aint nobody wearing those new Westbrook ""Jordan's"" but Mexicans & trailer park trash white girls.",1.0,1
"Aint nobody wearing those new Westbrook ""Jordan's"" but Mexicans & trailer park trash white girls.",1.0,1
"Aint nobody wearing those new Westbrook ""Jordan's"" but Mexicans & trailer park trash white girls.",1.0,1
"Aint nobody wearing those new Westbrook ""Jordan's"" but Mexicans & trailer park trash white girls.",1.0,1
"Aint nobody wearing those new Westbrook ""Jordan's"" but Mexicans & trailer park trash white girls.",1.0,1
"Aint nobody wearing those new Westbrook ""Jordan's"" but Mexicans & trailer park trash white girls.",1.0,1
"Aint nobody wearing those new Westbrook ""Jordan's"" but Mexicans & trailer park trash white girls.",1.0,1
"Aint nobody wearing those new Westbrook ""Jordan's"" but Mexicans & trailer park trash white girls.",1.0,1
"Aint nobody wearing those new Westbrook ""Jordan's"" but Mexicans & trailer park trash white girls.",1.0,1
"Aint nobody wearing those new Westbrook ""Jordan's"" but Mexicans & trailer park trash white girls.",1.0,1
"Aint nobody wearing those new Westbrook ""Jordan's"" but Mexicans & trailer park trash white girls.",1.0,1
"Aint nobody wearing those new Westbrook ""Jordan's"" but Mexicans & trailer park trash white girls.",1.0,1
"Aint nobody wearing those new Westbrook ""Jordan's"" but Mexicans & trailer park trash white girls.",1.0,1
"Aint nobody wearing those new Westbrook ""Jordan's"" but Mexicans & trailer park trash white girls.",1.0,1
"Aint nobody wearing those new Westbrook ""Jordan's"" but Mexicans & trailer park trash white girls.",,1
"Aint nobody wearing those new Westbrook ""Jordan's"" but Mexicans & trailer park trash white girls.",1.0,1
"Aint nobody wearing those new Westbrook ""Jordan's"" but Mexicans & trailer park trash white girls.",1.0,1
"Aint nobody wearing those new Westbrook ""Jordan's"" but Mexicans & trailer park trash white girls.",1.0,1
"Aint nobody wearing those new Westbrook ""Jordan's"" but Mexicans & trailer park trash white girls.",1.0,1
"Aint nobody wearing those new Westbrook ""Jordan's"" but Mexicans & trailer park trash white girls.",1.0,1
"Aint nobody wearing those new Westbrook ""Jordan's"" but Mexicans & trailer park trash white girls.",1.0,1
"Aint nobody wearing those new Westbrook ""Jordan's"" but Mexicans & trailer park trash white girls.",1.0,1
"Aint nobody wearing those new Westbrook ""Jordan's"" but Mexicans & trailer park trash white girls.",1.0,1
"Aint nobody wearing those new Westbrook ""Jordan's"" but Mexicans & trailer park trash white girls.",1.0,1
"Aint nobody wearing those new Westbrook ""Jordan's"" but Mexicans & trailer park trash white girls.",1.0,1
"Aint nobody wearing those new Westbrook ""Jordan's"" but Mexicans & trailer park trash white girls.",1.0,1
"Aint nobody wearing those new Westbrook ""Jordan's"" but Mexicans & trailer park trash white girls.",1.0,1
"Aint nobody wearing those new Westbrook ""Jordan's"" but Mexicans & trailer park trash white girls.",1.0,1
"Aint nobody wearing those new Westbrook ""Jordan's"" but Mexicans & trailer park trash white girls.",1.0,1
"Aint nobody wearing those new Westbrook ""Jordan's"" but Mexicans & trailer park trash white girls.",1.0,1
"Aint nobody wearing those new Westbrook ""Jordan's"" but Mexicans & trailer park trash white girls.",1.0,1
"Aint nobody wearing those new Westbrook ""Jordan's"" but Mexicans & trailer park trash white girls.",1.0,1
"Aint nobody wearing those new Westbrook ""Jordan's"" but Mexicans & trailer park trash white girls.",1.0,1
"Aint nobody wearing those new Westbrook ""Jordan's"" but Mexicans & trailer park trash white girls.",1.0,1
"Aint nobody wearing those new Westbrook ""Jordan's"" but Mexicans & trailer park trash white girls.",1.0,1
"Aint nobody wearing those new Westbrook ""Jordan's"" but Mexicans & trailer park trash white girls.",1.0,1
"Aint nobody wearing those new Westbrook ""Jordan's"" but Mexicans & trailer park trash white girls.",1.0,1
"Aint nobody wearing those new Westbrook ""Jordan's"" but Mexicans & trailer park trash white girls.",1.0,1
"Aint nobody wearing those new Westbrook ""Jordan's"" but Mexicans & trailer park trash white girls.",1.0,1
"Aint nobody wearing those new Westbrook ""Jordan's"" but Mexicans & trailer park trash white girls.",1.0,1
"Aint nobody wearing those new Westbrook ""Jordan's"" but Mexicans & trailer park trash white girls.",1.0,1
"Aint nobody wearing those new Westbrook ""Jordan's"" but Mexicans & trailer park trash white girls.",1.0,1
"Aint nobody wearing those new Westbrook ""Jordan's"" but Mexicans & trailer park trash white girls.",1.0,1
"Aint nobody wearing those new Westbrook ""Jordan's"" but Mexicans & trailer park trash white girls.",1.0,1
"Aint nobody wearing those new Westbrook ""Jordan's"" but Mexicans & trailer park trash white girls.",1.0,1
"Aint nobody wearing those new Westbrook ""Jordan's"" but Mexicans & trailer park trash white girls.",1.0,1
"Aint nobody wearing those new Westbrook ""Jordan's"" but Mexicans & trailer park trash white girls.",1.0,1
"Aint nobody wearing those new Westbrook ""Jordan's"" but Mexicans & trailer park trash white girls.",1.0,1
"Aint nobody wearing those new Westbrook ""Jordan's"" but Mexicans & trailer park trash white girls.",1.0,1
i hate jews so much i wish the holocaust actually happened,1.0,1
i hate jews so much i wish the holocaust actually happened,1.0,1
i hate jews so much i wish the holocaust actually happened,1.0,1
i hate jews so much i wish the holocaust actually happened,1.0,1
i hate jews so much i wish the holocaust actually happened,1.0,1
i hate jews so much i wish the holocaust actually happened,1.0,1
i hate jews so much i wish the holocaust actually happened,1.0,1
i hate jews so much i wish the holocaust actually happened,1.0,1
i hate jews so much i wish the holocaust actually happened,1.0,1
i hate jews so much i wish the holocaust actually happened,1.0,1
i hate jews so much i wish the holocaust actually happened,1.0,1
i hate jews so much i wish the holocaust actually happened,1.0,1
i hate jews so much i wish the holocaust actually happened,1.0,1
i hate jews so much i wish the holocaust actually happened,1.0,1
i hate jews so much i wish the holocaust actually happened,1.0,1
i hate jews so much i wish the holocaust actually happened,1.0,1
i hate jews so much i wish the holocaust actually happened,1.0,1
i hate jews so much i wish the holocaust actually happened,1.0,1
i hate jews so much i wish the holocaust actually happened,1.0,1
i hate jews so much i wish the holocaust actually happened,1.0,1
i hate jews so much i wish the holocaust actually happened,1.0,1
i hate jews so much i wish the holocaust actually happened,1.0,1
i hate jews so much i wish the holocaust actually happened,1.0,1
i hate jews so much i wish the holocaust actually happened,1.0,1
i hate jews so much i wish the holocaust actually happened,1.0,1
i hate jews so much i wish the holocaust actually happened,1.0,1
i hate jews so much i wish the holocaust actually happened,1.0,1
i hate jews so much i wish the holocaust actually happened,1.0,1
i hate jews so much i wish the holocaust actually happened,1.0,1
i hate jews so much i wish the holocaust actually happened,1.0,1
i hate jews so much i wish the holocaust actually happened,1.0,1
i hate jews so much i wish the holocaust actually happened,1.0,1
i hate jews so much i wish the holocaust actually happened,1.0,1
i hate jews so much i wish the holocaust actually happened,1.0,1
i hate jews so much i wish the holocaust actually happened,1.0,1
i hate jews so much i wish the holocaust actually happened,1.0,1
i hate jews so much i wish the holocaust actually happened,1.0,1
i hate jews so much i wish the holocaust actually happened,1.0,1
i hate jews so much i wish the holocaust actually happened,1.0,1
i hate jews so much i wish the holocaust actually happened,1.0,1
i hate jews so much i wish the holocaust actually happened,1.0,1
i hate jews so much i wish the holocaust actually happened,1.0,1
i hate jews so much i wish the holocaust actually happened,1.0,1
i hate jews so much i wish the holocaust actually happened,1.0,1
i hate jews so much i wish the holocaust actually happened,1.0,1
i hate jews so much i wish the holocaust actually happened,1.0,1
i hate jews so much i wish the holocaust actually happened,1.0,1
i hate jews so much i wish the holocaust actually happened,1.0,1
i hate jews so much i wish the holocaust actually happened,1.0,1
i hate jews so much i wish the holocaust actually happened,1.0,1
Learn the fucking language you fucking useless immigrant.,1.0,1
Learn the fucking language you fucking useless immigrant.,1.0,1
Learn the fucking language you fucking useless immigrant.,1.0,1
Learn the fucking language you fucking useless immigrant.,1.0,1
Learn the fucking language you fucking useless immigrant.,1.0,1
Learn the fucking language you fucking useless immigrant.,1.0,1
Learn the fucking language you fucking useless immigrant.,1.0,1
Learn the fucking language you fucking useless immigrant.,1.0,1
Learn the fucking language you fucking useless immigrant.,1.0,1
Learn the fucking language you fucking useless immigrant.,1.0,1
Learn the fucking language you fucking useless immigrant.,1.0,1
Learn the fucking language you fucking useless immigrant.,1.0,1
Learn the fucking language you fucking useless immigrant.,1.0,1
Learn the fucking language you fucking useless immigrant.,1.0,1
Learn the fucking language you fucking useless immigrant.,1.0,1
Learn the fucking language you fucking useless immigrant.,1.0,1
Learn the fucking language you fucking useless immigrant.,1.0,1
Learn the fucking language you fucking useless immigrant.,1.0,1
Learn the fucking language you fucking useless immigrant.,1.0,1
Learn the fucking language you fucking useless immigrant.,1.0,1
Learn the fucking language you fucking useless immigrant.,1.0,0
Learn the fucking language you fucking useless immigrant.,1.0,1
Learn the fucking language you fucking useless immigrant.,1.0,1
Learn the fucking language you fucking useless immigrant.,1.0,1
Learn the fucking language you fucking useless immigrant.,1.0,1
Learn the fucking language you fucking useless immigrant.,1.0,1
Learn the fucking language you fucking useless immigrant.,1.0,1
Learn the fucking language you fucking useless immigrant.,1.0,1
Learn the fucking language you fucking useless immigrant.,1.0,1
Learn the fucking language you fucking useless immigrant.,1.0,1
Learn the fucking language you fucking useless immigrant.,1.0,1
Learn the fucking language you fucking useless immigrant.,1.0,1
Learn the fucking language you fucking useless immigrant.,1.0,1
Learn the fucking language you fucking useless immigrant.,1.0,1
Learn the fucking language you fucking useless immigrant.,1.0,1
Learn the fucking language you fucking useless immigrant.,1.0,1
Learn the fucking language you fucking useless immigrant.,1.0,1
Learn the fucking language you fucking useless immigrant.,1.0,1
Learn the fucking language you fucking useless immigrant.,1.0,1
Learn the fucking language you fucking useless immigrant.,1.0,1
Learn the fucking language you fucking useless immigrant.,1.0,1
Learn the fucking language you fucking useless immigrant.,1.0,1
Learn the fucking language you fucking useless immigrant.,1.0,1
Learn the fucking language you fucking useless immigrant.,1.0,1
Learn the fucking language you fucking useless immigrant.,1.0,1
Learn the fucking language you fucking useless immigrant.,1.0,1
Learn the fucking language you fucking useless immigrant.,1.0,1
Learn the fucking language you fucking useless immigrant.,1.0,1
Learn the fucking language you fucking useless immigrant.,1.0,1
Learn the fucking language you fucking useless immigrant.,1.0,1
"Lady in the back Blinks when ""her"" camera red light goes on. Part of the tranny SHOW. Before ya deny...see: Transvestigations on Yt. Trannies are PROUD to show How It's Done!👍",1.0,1
"Lady in the back Blinks when ""her"" camera red light goes on. Part of the tranny SHOW. Before ya deny...see: Transvestigations on Yt. Trannies are PROUD to show How It's Done!👍",1.0,1
"Lady in the back Blinks when ""her"" camera red light goes on. Part of the tranny SHOW. Before ya deny...see: Transvestigations on Yt. Trannies are PROUD to show How It's Done!👍",1.0,1
"Lady in the back Blinks when ""her"" camera red light goes on. Part of the tranny SHOW. Before ya deny...see: Transvestigations on Yt. Trannies are PROUD to show How It's Done!👍",1.0,1
"Lady in the back Blinks when ""her"" camera red light goes on. Part of the tranny SHOW. Before ya deny...see: Transvestigations on Yt. Trannies are PROUD to show How It's Done!👍",1.0,1
"Lady in the back Blinks when ""her"" camera red light goes on. Part of the tranny SHOW. Before ya deny...see: Transvestigations on Yt. Trannies are PROUD to show How It's Done!👍",1.0,1
"Lady in the back Blinks when ""her"" camera red light goes on. Part of the tranny SHOW. Before ya deny...see: Transvestigations on Yt. Trannies are PROUD to show How It's Done!👍",1.0,1
"Lady in the back Blinks when ""her"" camera red light goes on. Part of the tranny SHOW. Before ya deny...see: Transvestigations on Yt. Trannies are PROUD to show How It's Done!👍",1.0,1
"Lady in the back Blinks when ""her"" camera red light goes on. Part of the tranny SHOW. Before ya deny...see: Transvestigations on Yt. Trannies are PROUD to show How It's Done!👍",1.0,1
"Lady in the back Blinks when ""her"" camera red light goes on. Part of the tranny SHOW. Before ya deny...see: Transvestigations on Yt. Trannies are PROUD to show How It's Done!👍",1.0,1
"Lady in the back Blinks when ""her"" camera red light goes on. Part of the tranny SHOW. Before ya deny...see: Transvestigations on Yt. Trannies are PROUD to show How It's Done!👍",1.0,1
"Lady in the back Blinks when ""her"" camera red light goes on. Part of the tranny SHOW. Before ya deny...see: Transvestigations on Yt. Trannies are PROUD to show How It's Done!👍",1.0,1
"Lady in the back Blinks when ""her"" camera red light goes on. Part of the tranny SHOW. Before ya deny...see: Transvestigations on Yt. Trannies are PROUD to show How It's Done!👍",1.0,1
"Lady in the back Blinks when ""her"" camera red light goes on. Part of the tranny SHOW. Before ya deny...see: Transvestigations on Yt. Trannies are PROUD to show How It's Done!👍",1.0,1
"Lady in the back Blinks when ""her"" camera red light goes on. Part of the tranny SHOW. Before ya deny...see: Transvestigations on Yt. Trannies are PROUD to show How It's Done!👍",1.0,1
"Lady in the back Blinks when ""her"" camera red light goes on. Part of the tranny SHOW. Before ya deny...see: Transvestigations on Yt. Trannies are PROUD to show How It's Done!👍",1.0,1
"Lady in the back Blinks when ""her"" camera red light goes on. Part of the tranny SHOW. Before ya deny...see: Transvestigations on Yt. Trannies are PROUD to show How It's Done!👍",1.0,1
"Lady in the back Blinks when ""her"" camera red light goes on. Part of the tranny SHOW. Before ya deny...see: Transvestigations on Yt. Trannies are PROUD to show How It's Done!👍",1.0,1
"Lady in the back Blinks when ""her"" camera red light goes on. Part of the tranny SHOW. Before ya deny...see: Transvestigations on Yt. Trannies are PROUD to show How It's Done!👍",1.0,1
"Lady in the back Blinks when ""her"" camera red light goes on. Part of the tranny SHOW. Before ya deny...see: Transvestigations on Yt. Trannies are PROUD to show How It's Done!👍",1.0,1
"Lady in the back Blinks when ""her"" camera red light goes on. Part of the tranny SHOW. Before ya deny...see: Transvestigations on Yt. Trannies are PROUD to show How It's Done!👍",1.0,1
"Lady in the back Blinks when ""her"" camera red light goes on. Part of the tranny SHOW. Before ya deny...see: Transvestigations on Yt. Trannies are PROUD to show How It's Done!👍",1.0,1
"Lady in the back Blinks when ""her"" camera red light goes on. Part of the tranny SHOW. Before ya deny...see: Transvestigations on Yt. Trannies are PROUD to show How It's Done!👍",1.0,1
"Lady in the back Blinks when ""her"" camera red light goes on. Part of the tranny SHOW. Before ya deny...see: Transvestigations on Yt. Trannies are PROUD to show How It's Done!👍",1.0,1
"Lady in the back Blinks when ""her"" camera red light goes on. Part of the tranny SHOW. Before ya deny...see: Transvestigations on Yt. Trannies are PROUD to show How It's Done!👍",1.0,1
"Lady in the back Blinks when ""her"" camera red light goes on. Part of the tranny SHOW. Before ya deny...see: Transvestigations on Yt. Trannies are PROUD to show How It's Done!👍",1.0,1
"Lady in the back Blinks when ""her"" camera red light goes on. Part of the tranny SHOW. Before ya deny...see: Transvestigations on Yt. Trannies are PROUD to show How It's Done!👍",1.0,1
"Lady in the back Blinks when ""her"" camera red light goes on. Part of the tranny SHOW. Before ya deny...see: Transvestigations on Yt. Trannies are PROUD to show How It's Done!👍",1.0,1
"Lady in the back Blinks when ""her"" camera red light goes on. Part of the tranny SHOW. Before ya deny...see: Transvestigations on Yt. Trannies are PROUD to show How It's Done!👍",1.0,1
"Lady in the back Blinks when ""her"" camera red light goes on. Part of the tranny SHOW. Before ya deny...see: Transvestigations on Yt. Trannies are PROUD to show How It's Done!👍",1.0,1
"Lady in the back Blinks when ""her"" camera red light goes on. Part of the tranny SHOW. Before ya deny...see: Transvestigations on Yt. Trannies are PROUD to show How It's Done!👍",1.0,1
"Lady in the back Blinks when ""her"" camera red light goes on. Part of the tranny SHOW. Before ya deny...see: Transvestigations on Yt. Trannies are PROUD to show How It's Done!👍",1.0,1
"Lady in the back Blinks when ""her"" camera red light goes on. Part of the tranny SHOW. Before ya deny...see: Transvestigations on Yt. Trannies are PROUD to show How It's Done!👍",1.0,1
"Lady in the back Blinks when ""her"" camera red light goes on. Part of the tranny SHOW. Before ya deny...see: Transvestigations on Yt. Trannies are PROUD to show How It's Done!👍",1.0,1
"Lady in the back Blinks when ""her"" camera red light goes on. Part of the tranny SHOW. Before ya deny...see: Transvestigations on Yt. Trannies are PROUD to show How It's Done!👍",1.0,1
"Lady in the back Blinks when ""her"" camera red light goes on. Part of the tranny SHOW. Before ya deny...see: Transvestigations on Yt. Trannies are PROUD to show How It's Done!👍",1.0,1
"Lady in the back Blinks when ""her"" camera red light goes on. Part of the tranny SHOW. Before ya deny...see: Transvestigations on Yt. Trannies are PROUD to show How It's Done!👍",1.0,1
"Lady in the back Blinks when ""her"" camera red light goes on. Part of the tranny SHOW. Before ya deny...see: Transvestigations on Yt. Trannies are PROUD to show How It's Done!👍",1.0,1
"Lady in the back Blinks when ""her"" camera red light goes on. Part of the tranny SHOW. Before ya deny...see: Transvestigations on Yt. Trannies are PROUD to show How It's Done!👍",1.0,1
"Lady in the back Blinks when ""her"" camera red light goes on. Part of the tranny SHOW. Before ya deny...see: Transvestigations on Yt. Trannies are PROUD to show How It's Done!👍",1.0,1
"Lady in the back Blinks when ""her"" camera red light goes on. Part of the tranny SHOW. Before ya deny...see: Transvestigations on Yt. Trannies are PROUD to show How It's Done!👍",1.0,1
"Lady in the back Blinks when ""her"" camera red light goes on. Part of the tranny SHOW. Before ya deny...see: Transvestigations on Yt. Trannies are PROUD to show How It's Done!👍",1.0,1
"Lady in the back Blinks when ""her"" camera red light goes on. Part of the tranny SHOW. Before ya deny...see: Transvestigations on Yt. Trannies are PROUD to show How It's Done!👍",1.0,1
"Lady in the back Blinks when ""her"" camera red light goes on. Part of the tranny SHOW. Before ya deny...see: Transvestigations on Yt. Trannies are PROUD to show How It's Done!👍",1.0,1
"Lady in the back Blinks when ""her"" camera red light goes on. Part of the tranny SHOW. Before ya deny...see: Transvestigations on Yt. Trannies are PROUD to show How It's Done!👍",1.0,1
"Lady in the back Blinks when ""her"" camera red light goes on. Part of the tranny SHOW. Before ya deny...see: Transvestigations on Yt. Trannies are PROUD to show How It's Done!👍",1.0,1
"Lady in the back Blinks when ""her"" camera red light goes on. Part of the tranny SHOW. Before ya deny...see: Transvestigations on Yt. Trannies are PROUD to show How It's Done!👍",1.0,1
"Lady in the back Blinks when ""her"" camera red light goes on. Part of the tranny SHOW. Before ya deny...see: Transvestigations on Yt. Trannies are PROUD to show How It's Done!👍",1.0,1
"Lady in the back Blinks when ""her"" camera red light goes on. Part of the tranny SHOW. Before ya deny...see: Transvestigations on Yt. Trannies are PROUD to show How It's Done!👍",1.0,1
"Lady in the back Blinks when ""her"" camera red light goes on. Part of the tranny SHOW. Before ya deny...see: Transvestigations on Yt. Trannies are PROUD to show How It's Done!👍",1.0,1
